3 16 5 36
6 11 4 38
8 5 2 15
10 5 5 20
11 7 4 45
14 16 1 45
18 17 5 51
21 11 4 54
23 20 2 63
23 5 2 39
23 14 5 47
27 5 3 48
29 17 3 50
30 8 1 53
31 16 5 51
33 16 3 58
37 9 4 61
37 15 5 72
41 19 1 82
45 9 5 82
46 17 5 72
46 10 5 63
47 1 1 62
49 3 2 62
52 15 1 84
52 5 1 84
52 17 2 95
53 16 4 90
54 5 2 89
57 18 1 85
61 18 4 96
61 10 4 88
64 6 1 94
66 1 1 87
69 17 4 105
72 17 4 110
74 12 1 95
74 8 1 106
78 9 2 98
82 7 2 110
83 19 5 112
87 8 3 113
87 14 2 110
88 17 3 123
91 3 3 115
92 13 5 115
94 18 3 115
97 7 3 127
101 17 3 133
104 8 4 124
